2
BG1.png
992 544
BG2.png
992 544
mygame2.txt
0
30 17
3 0 0 0 0 0 0 0 0 0 0 0 0 0 0 0 0 0 0 0 0 0 2 3 3 3 3 3 3 4 
28 0 0 0 0 0 0 0 0 0 0 0 0 0 0 0 0 0 0 0 0 0 51 55 0 0 0 0 0 28 
28 0 0 0 0 0 0 0 0 0 0 0 0 0 0 0 0 0 0 0 0 0 51 55 0 0 0 0 0 28 
28 0 0 0 0 0 0 0 0 0 0 0 0 0 0 0 0 0 0 0 0 0 51 55 0 0 0 0 0 28 
28 0 0 0 2 3 3 3 3 3 3 3 3 3 3 3 3 3 3 3 3 3 53 53 3 3 4 0 0 28 
28 0 0 0 76 53 53 103 103 103 103 103 103 103 53 53 53 53 53 53 53 53 53 53 53 53 55 0 0 28 
28 0 0 0 0 51 55 0 0 0 0 0 0 0 76 103 103 53 53 103 103 103 103 103 103 103 80 0 0 28 
28 0 0 0 0 51 55 0 0 0 0 0 0 0 0 0 0 51 55 0 0 0 0 0 0 0 0 0 0 28 
28 0 0 0 0 51 55 0 0 0 0 0 0 0 0 0 0 51 55 0 0 0 0 0 0 0 0 0 0 28 
28 0 0 0 0 51 55 0 0 0 0 0 0 0 0 0 0 51 55 0 0 0 0 0 0 0 0 0 0 28 
51 4 0 0 0 51 55 0 0 0 0 0 2 4 0 0 0 76 80 0 0 0 0 0 0 0 0 0 0 28 
51 80 0 0 0 51 55 0 0 0 0 0 51 55 0 0 0 0 0 0 0 0 0 2 3 3 4 0 0 28 
28 0 0 0 0 51 55 0 0 0 0 0 51 55 0 0 0 0 0 0 0 0 2 53 53 53 55 0 0 28 
28 0 0 0 0 76 80 0 0 0 0 0 51 55 0 0 0 0 0 0 0 2 53 53 53 53 55 0 0 28 
28 0 0 0 0 0 0 0 0 0 0 0 51 55 0 0 0 0 0 2 3 53 53 53 53 53 55 0 0 28 
28 0 0 0 0 0 0 0 0 0 0 0 51 55 0 0 0 0 2 53 53 53 53 53 53 53 55 0 0 28 
76 3 3 3 3 3 3 3 3 3 3 3 103 103 3 3 3 3 103 103 103 103 103 103 103 103 103 3 3 80 
