0
mygame2.txt
2
Enemy00Data.txt
Enemy01Data.txt
100 23
0 0 0 0 0 0 0 0 0 0 0 0 0 0 0 0 0 0 0 0 0 0 0 0 0 0 0 0 0 0 0 2 3 4 0 0 0 0 3 0 0 0 0 0 0 0 0 0 0 0 0 0 0 0 0 0 0 0 0 0 0 0 0 2 3 3 3 3 3 3 3 3 3 3 3 3 3 4 0 0 0 0 0 0 0 0 0 0 0 0 0 0 0 0 0 0 0 0 0 495 
0 0 0 0 0 0 0 0 0 0 0 0 0 0 0 0 0 0 0 0 0 0 0 0 0 0 0 0 0 0 0 51 53 55 0 0 0 0 0 0 0 0 0 211 211 0 0 0 0 0 0 0 0 0 0 0 0 0 0 0 0 0 0 0 0 0 0 0 0 0 0 0 0 0 0 0 0 28 0 0 0 0 0 0 0 0 0 0 0 0 0 0 0 0 0 0 2 3 3 4 
0 0 0 0 0 0 0 0 0 0 0 0 0 0 0 0 0 0 0 0 0 0 0 0 0 0 0 0 0 0 0 51 53 55 0 0 0 0 0 0 0 0 0 2 4 0 0 0 0 0 0 0 0 0 0 0 0 0 0 0 0 0 0 0 0 0 0 0 0 0 0 0 0 0 0 0 0 28 0 0 0 0 0 0 0 0 0 0 0 0 211 0 0 0 0 0 51 103 103 80 
0 0 0 0 0 0 0 0 0 0 0 0 0 0 0 0 0 0 0 0 0 0 0 0 0 0 0 0 0 0 0 51 53 55 0 0 0 0 0 0 0 0 0 51 55 211 211 0 0 0 0 0 0 0 0 0 0 0 0 0 0 0 0 0 0 0 0 0 0 0 0 2 3 4 0 0 0 28 0 0 0 0 0 0 0 0 0 0 0 0 3 211 0 0 0 0 28 0 0 0 
0 0 0 0 0 0 0 0 0 0 0 211 0 0 0 0 0 0 0 0 0 0 0 0 0 0 0 0 0 0 0 51 53 55 0 0 0 0 0 0 0 0 0 51 53 3 4 0 0 0 0 0 0 0 0 0 0 0 0 0 0 0 0 0 0 0 0 0 0 0 2 80 0 0 0 0 0 28 0 0 0 0 0 0 0 0 0 0 0 0 51 4 0 0 0 0 103 0 0 0 
0 0 0 0 0 0 0 0 0 0 0 3 0 0 0 0 0 0 0 0 0 0 0 0 0 0 0 0 0 0 0 51 53 55 0 0 0 0 0 0 0 0 0 51 53 53 55 211 0 0 0 0 0 0 0 0 0 0 0 0 0 0 0 0 0 0 0 0 0 0 28 0 0 0 0 0 211 28 0 0 0 0 0 0 0 0 0 0 0 0 28 0 0 0 0 0 0 0 0 0 
0 0 0 0 0 0 0 0 0 0 0 28 0 0 0 0 0 0 0 0 0 0 0 0 0 0 0 0 0 0 0 51 53 55 0 0 0 0 0 0 0 0 0 76 53 53 53 4 0 0 0 0 0 0 0 0 0 0 0 0 0 0 0 0 0 0 0 0 0 0 28 0 0 0 0 211 2 80 0 0 0 0 0 0 0 0 0 0 0 0 28 0 0 0 0 0 0 0 0 0 
0 0 0 0 0 0 0 0 0 0 0 103 0 0 211 211 0 0 0 0 0 0 0 0 0 0 0 0 0 0 0 76 103 80 0 0 0 0 0 0 211 0 0 0 51 53 53 55 0 0 0 0 211 0 0 0 0 0 0 0 0 0 0 0 0 0 0 0 0 2 80 0 0 0 0 2 80 0 0 0 0 0 0 0 0 0 0 0 0 0 28 211 211 211 0 0 0 0 0 0 
0 0 0 0 0 0 0 0 0 0 0 0 0 0 2 4 211 211 211 211 0 0 0 0 0 0 0 0 0 0 0 0 0 0 0 0 0 0 0 0 3 0 0 0 51 53 53 55 0 0 0 0 3 0 0 0 0 0 0 0 0 0 0 0 0 0 0 0 2 80 0 0 0 0 211 28 0 0 0 0 0 0 0 0 0 0 0 0 0 0 76 3 3 3 3 4 0 0 0 0 
0 0 0 0 0 0 0 0 0 0 0 0 0 0 51 53 3 3 3 4 211 0 0 0 0 0 0 0 0 0 0 0 0 0 0 0 0 0 0 0 0 0 0 0 51 53 53 55 0 0 0 0 211 0 0 0 0 0 0 0 0 0 0 0 0 0 0 0 28 0 0 0 0 0 2 80 0 0 0 0 0 0 0 0 0 0 0 0 0 0 0 0 76 103 103 55 0 0 0 0 
0 0 0 0 0 0 0 0 0 0 0 0 0 0 51 53 53 53 53 53 4 0 0 0 0 0 0 0 0 3 0 0 0 0 0 0 0 0 0 0 0 0 0 0 51 53 53 55 0 0 0 0 211 0 0 0 0 0 0 0 0 0 0 0 0 0 0 211 28 0 0 0 0 0 28 0 0 0 0 0 0 0 0 0 0 0 0 0 0 0 0 0 0 0 0 28 0 0 0 0 
0 0 0 0 0 0 0 0 0 0 0 0 211 211 51 53 53 53 53 53 55 0 0 0 0 0 0 0 0 28 0 3 0 0 0 0 0 0 0 0 211 211 211 211 51 53 53 55 0 0 0 211 3 0 0 0 0 0 0 0 0 0 0 0 0 211 211 2 80 0 0 0 0 0 28 0 0 0 0 0 0 0 0 0 0 0 0 0 0 0 0 0 0 0 0 28 0 0 0 0 
0 0 0 0 0 0 0 0 0 0 0 0 2 3 53 53 53 53 53 53 55 211 211 211 211 211 211 211 211 28 211 51 3 4 0 211 211 211 211 211 2 3 3 3 53 53 53 55 211 211 211 2 55 0 0 0 0 0 0 0 0 211 211 211 211 2 3 55 0 0 0 211 211 211 28 0 0 0 0 0 0 0 0 0 0 0 0 0 0 0 0 0 0 0 0 103 0 0 0 0 
2 3 3 3 3 3 3 3 3 3 3 3 53 53 53 53 53 53 53 53 53 3 3 3 3 3 3 3 3 53 3 53 53 53 3 3 3 3 3 3 53 53 53 53 53 53 53 53 3 3 3 53 53 3 3 3 3 3 3 3 3 3 3 3 3 53 53 55 0 0 0 2 3 3 55 0 0 0 0 0 0 0 0 0 0 211 0 0 0 0 0 0 0 0 0 0 0 0 0 0 
51 53 53 53 53 53 53 53 53 53 53 53 53 53 53 53 53 53 53 53 53 53 53 53 53 53 53 53 53 53 53 53 53 53 53 53 53 53 53 53 53 53 53 53 53 53 53 53 53 53 53 53 53 53 53 53 53 53 53 53 53 53 53 53 53 103 103 55 0 0 0 76 103 103 80 0 0 0 0 0 0 0 0 0 0 3 0 0 0 0 0 0 0 0 0 0 0 0 0 0 
51 53 53 53 53 53 53 53 53 53 53 53 53 53 53 53 53 53 53 53 53 53 53 53 53 53 53 53 53 53 53 53 53 53 53 53 53 53 53 53 53 53 53 53 53 53 53 53 53 53 53 53 53 53 53 53 53 53 53 53 53 53 53 53 55 0 0 28 0 0 0 0 0 0 0 0 0 0 0 0 0 0 0 0 0 0 0 0 0 0 0 0 0 0 2 4 0 0 0 0 
51 53 53 53 53 53 53 53 53 53 53 53 53 53 53 53 53 53 53 53 53 53 53 53 53 53 53 53 53 53 53 53 53 53 53 53 53 53 53 53 53 53 53 53 53 53 53 53 53 53 53 53 53 53 53 53 53 53 53 53 53 53 53 53 55 0 0 28 0 0 0 0 0 0 0 0 0 0 0 0 0 0 0 0 0 0 0 0 0 211 211 211 211 2 53 55 0 0 0 0 
76 103 103 103 103 103 103 103 103 103 103 103 103 103 103 103 103 103 103 103 103 103 103 103 103 103 103 103 103 103 103 103 103 103 103 103 103 103 103 103 103 103 103 103 103 103 103 103 103 103 103 103 103 103 103 103 103 103 103 103 103 103 103 103 80 0 0 28 211 0 0 0 0 0 0 0 0 0 0 0 0 0 0 0 0 0 0 0 0 2 3 3 3 53 53 55 0 0 0 0 
0 0 0 0 0 0 0 0 0 0 0 0 0 0 0 0 0 0 0 0 0 0 0 0 0 0 0 0 0 0 0 0 0 0 0 0 0 0 0 0 0 0 0 0 0 0 0 0 0 0 0 0 0 0 0 0 0 0 0 0 0 0 0 0 0 0 0 51 4 211 0 0 0 0 0 0 0 0 0 0 0 0 0 0 0 0 0 0 0 51 53 53 53 53 53 55 0 0 0 0 
0 0 0 0 0 0 0 0 0 0 0 0 0 0 0 0 0 0 0 0 0 0 0 0 0 0 0 0 0 0 0 0 0 0 0 0 0 0 0 0 0 0 0 0 0 0 0 0 0 0 0 0 0 0 0 0 0 0 0 0 0 0 0 0 0 0 0 76 53 4 211 211 0 0 0 0 0 0 0 0 0 0 0 0 0 0 0 0 0 51 53 53 53 103 103 80 0 0 0 0 
0 0 0 0 0 0 0 0 0 0 0 0 0 0 0 0 0 0 0 0 0 0 0 0 0 0 0 0 0 0 0 0 0 0 0 0 0 0 0 0 0 0 0 0 0 0 0 0 0 0 0 0 0 0 0 0 0 0 0 0 0 0 0 0 0 0 0 0 76 103 3 4 211 211 211 211 0 0 0 0 0 0 0 0 0 0 0 0 0 51 53 103 80 0 0 0 0 0 0 0 
0 0 0 0 0 0 0 0 0 0 0 0 0 0 0 0 0 0 0 0 0 0 0 0 0 0 0 0 0 0 0 0 0 0 0 0 0 0 0 0 0 0 0 0 0 0 0 0 0 0 0 0 0 0 0 0 0 0 0 0 0 0 0 0 0 0 0 0 0 0 0 0 2 3 3 3 3 3 3 3 4 211 211 211 211 211 211 211 211 51 80 0 0 0 0 0 0 0 0 0 
0 0 0 0 0 0 0 0 0 0 0 0 0 0 0 0 0 0 0 0 0 0 0 0 0 0 0 0 0 0 0 0 0 0 0 0 0 0 0 0 0 0 0 0 0 0 0 0 0 0 0 0 0 0 0 0 0 0 0 0 0 0 0 0 0 0 0 0 0 0 0 0 0 0 0 0 0 0 0 0 0 2 3 3 3 3 3 3 3 80 0 0 0 0 0 0 0 0 0 0 
