0
mygame2.txt
2
Enemy00Data.txt
Enemy01Data.txt
30 85
0 0 0 0 0 0 0 0 0 0 0 0 0 0 0 0 0 0 0 0 0 0 0 0 0 0 0 0 0 3 
0 0 0 0 0 0 0 0 0 0 0 0 0 0 0 0 0 0 0 0 0 0 0 0 0 0 0 0 0 28 
0 0 0 0 0 0 0 0 0 0 0 0 0 0 0 0 0 0 0 0 0 0 0 0 0 0 0 0 0 28 
0 0 0 0 0 0 0 0 0 0 0 0 0 0 0 0 0 0 0 0 0 0 0 0 0 0 0 0 0 28 
0 0 0 0 0 0 0 2 3 3 3 3 3 3 3 3 3 3 3 3 3 3 3 3 3 3 3 3 3 55 
0 0 0 0 0 0 0 51 53 53 53 53 53 53 53 53 53 53 53 53 53 53 53 53 53 53 53 53 53 55 
0 0 0 0 0 0 0 51 53 53 53 53 53 53 53 53 53 53 53 53 53 53 53 53 53 53 53 53 53 55 
0 0 0 0 0 0 0 51 53 53 53 53 53 53 53 53 53 53 53 53 53 53 53 53 53 53 53 53 53 55 
0 0 0 0 0 0 0 51 53 53 53 53 53 53 53 53 53 53 53 53 53 53 53 53 53 53 53 53 53 55 
0 0 0 0 0 0 0 51 53 53 53 53 53 53 53 53 53 53 53 53 53 53 53 53 53 53 53 53 53 55 
0 0 0 0 0 0 2 53 53 53 53 53 53 53 53 53 53 53 53 53 53 53 53 53 53 53 53 53 53 55 
0 0 2 3 3 3 53 53 53 53 53 53 53 53 53 53 53 53 53 53 53 53 53 53 53 53 53 53 53 55 
0 0 76 103 103 103 103 103 103 103 103 103 103 103 103 103 103 103 103 103 103 103 103 103 103 103 103 103 103 55 
0 0 0 495 495 495 0 0 0 0 211 211 211 0 0 0 0 0 0 0 0 0 0 0 0 0 0 0 0 28 
0 0 0 495 495 495 0 0 0 0 0 0 0 0 0 0 0 0 0 0 0 0 0 0 0 0 0 0 0 28 
0 0 0 495 495 495 0 0 0 0 0 0 0 0 0 0 0 0 0 0 0 0 0 0 0 0 0 0 0 28 
2 3 3 3 3 3 3 4 0 0 0 0 0 0 0 0 0 0 0 0 0 0 0 0 0 0 0 0 0 28 
51 53 53 53 53 53 53 53 3 3 3 3 3 4 0 0 0 0 0 0 0 0 0 0 0 0 0 0 0 28 
51 53 53 53 53 53 53 53 53 53 53 53 53 55 0 0 0 0 0 0 0 0 0 0 0 0 0 0 0 28 
51 103 103 103 103 103 103 103 103 103 103 103 103 80 0 0 0 0 0 0 0 0 0 0 0 0 0 0 0 28 
28 0 0 0 0 0 0 0 0 0 0 0 0 0 0 0 0 0 0 0 0 0 2 4 0 0 0 0 0 28 
28 0 0 0 0 0 0 0 0 0 0 0 0 0 0 0 0 0 0 0 0 0 51 55 0 0 0 0 0 28 
28 0 0 0 0 0 0 0 0 0 0 0 0 0 0 0 0 0 0 0 0 0 76 80 0 0 0 0 0 28 
28 0 0 0 0 0 0 0 0 0 0 0 0 0 0 0 0 0 0 0 0 0 0 0 0 0 0 0 0 28 
28 0 0 0 0 0 0 0 0 0 0 0 0 0 0 0 0 0 0 0 0 0 0 0 0 0 0 0 0 28 
28 0 0 0 0 0 0 0 0 0 0 0 0 0 0 0 0 0 0 0 0 0 0 0 0 0 0 0 0 28 
28 0 0 0 0 0 0 0 0 0 0 0 0 0 0 0 0 0 0 0 0 0 0 0 0 0 0 0 0 28 
28 0 0 0 0 0 0 0 0 0 0 0 0 0 0 0 0 0 0 0 0 0 0 0 0 0 0 0 0 28 
28 0 0 0 0 0 0 0 0 0 0 0 0 0 0 0 0 2 3 4 211 2 3 3 3 3 4 0 0 28 
28 0 0 0 0 0 0 0 0 0 0 0 0 0 0 0 0 76 103 103 3 103 103 103 103 103 80 0 0 28 
28 0 0 0 0 0 0 0 0 0 0 0 0 0 0 0 0 0 0 0 0 0 0 0 0 0 0 0 0 28 
28 0 0 0 0 0 0 0 2 3 3 4 0 0 0 0 0 0 0 0 0 0 0 0 0 0 0 0 0 28 
28 0 0 0 0 0 0 0 76 103 103 80 0 0 0 0 0 0 0 0 0 0 0 0 0 0 0 0 0 28 
28 0 0 0 0 0 0 0 0 0 0 0 0 0 0 0 0 0 0 0 0 0 0 0 0 0 0 0 0 28 
51 3 4 0 0 0 0 0 0 0 0 0 0 0 0 0 0 0 0 0 0 0 0 0 0 0 0 0 0 28 
51 53 80 0 0 0 0 0 0 0 0 0 0 0 0 0 0 0 0 0 0 0 0 0 0 0 0 0 0 28 
51 80 0 0 0 0 0 0 0 0 0 0 0 0 0 0 0 0 0 0 0 0 0 0 0 0 0 0 0 28 
28 0 0 0 0 0 0 0 0 0 0 0 0 0 0 0 0 0 0 0 0 0 0 0 0 0 0 0 0 28 
28 211 0 0 0 0 2 4 0 0 0 0 0 0 0 0 0 0 0 0 0 0 0 0 0 0 0 0 0 28 
51 4 211 0 0 0 51 55 0 0 0 0 0 0 0 0 0 0 0 0 0 0 0 0 0 0 0 0 0 28 
51 53 4 211 211 211 51 55 0 0 0 2 4 0 0 0 0 0 0 0 0 0 0 0 0 0 0 0 0 28 
51 53 53 3 3 3 53 55 0 0 0 51 55 0 0 0 0 0 0 0 0 0 0 0 0 0 0 0 0 28 
51 53 53 53 53 53 53 55 0 0 0 51 55 0 0 0 2 4 0 0 0 0 0 0 0 0 0 0 0 28 
51 53 53 53 53 53 53 55 0 0 0 51 55 0 0 0 51 55 0 0 0 0 0 0 0 0 0 0 0 28 
51 53 53 53 53 53 53 55 0 0 0 51 55 0 0 0 51 55 0 0 0 2 4 0 0 0 0 0 0 28 
51 53 53 53 53 53 53 55 211 0 0 51 55 211 0 0 51 55 211 211 211 51 55 0 0 0 0 0 0 28 
51 53 53 53 53 53 53 103 3 3 3 103 103 3 3 3 103 103 3 3 3 103 103 3 3 3 4 0 0 28 
51 53 53 53 53 53 55 0 0 0 0 0 0 0 0 0 0 0 0 0 0 0 0 0 0 76 80 0 0 28 
51 53 53 53 53 53 55 0 0 0 0 0 0 0 0 0 0 0 0 0 0 0 0 0 0 0 0 0 0 28 
51 53 53 53 53 53 55 0 0 0 0 0 0 0 0 0 0 0 0 0 0 0 0 0 0 0 0 0 0 28 
51 53 53 53 53 53 55 0 0 0 0 0 0 0 0 0 0 0 0 0 0 0 0 0 0 0 0 0 0 28 
51 53 53 53 53 53 55 0 0 0 0 0 0 0 0 0 0 0 0 0 0 2 4 0 0 0 0 0 0 28 
51 53 53 53 53 53 55 0 0 0 0 0 0 0 0 0 0 0 0 0 0 51 55 0 0 0 0 0 2 55 
51 53 53 53 53 53 55 0 0 0 0 2 4 0 0 0 0 0 0 0 0 51 53 4 0 0 2 3 53 55 
51 53 53 53 53 53 55 0 0 0 0 51 55 0 0 0 0 0 0 0 2 53 53 53 4 0 51 53 53 55 
51 103 103 103 103 103 80 0 0 0 0 51 53 4 0 0 0 0 0 0 51 53 53 53 55 211 51 53 53 55 
28 0 0 0 0 0 0 0 0 0 0 51 53 53 4 0 0 0 0 211 51 53 53 53 53 3 53 53 53 55 
28 0 0 0 0 0 0 0 0 0 0 51 53 53 53 3 3 3 3 3 53 53 53 53 53 53 53 53 53 55 
28 0 0 0 0 0 0 0 0 0 0 51 53 53 53 53 53 53 53 53 53 53 53 53 53 53 53 53 53 55 
28 0 0 0 0 0 0 0 0 0 0 51 53 53 53 53 53 53 53 53 53 53 53 53 53 53 53 53 53 55 
28 0 0 2 3 3 3 3 3 3 3 53 53 53 53 53 53 53 53 53 53 53 53 53 53 53 53 53 53 55 
28 0 0 76 103 103 103 103 103 103 103 103 103 103 103 103 103 103 103 103 103 103 103 103 103 103 103 103 103 55 
28 0 0 0 0 0 0 0 0 0 0 0 0 0 0 0 0 0 0 0 0 0 0 0 0 0 0 0 0 28 
28 0 0 0 0 0 0 0 0 0 0 0 0 0 0 0 0 0 0 0 0 0 0 0 0 0 0 0 0 28 
28 0 0 0 0 0 0 0 0 0 0 0 0 0 0 0 0 0 0 0 0 0 0 0 0 0 0 0 0 28 
51 4 0 0 0 0 0 0 0 0 0 0 0 0 0 0 0 0 0 0 0 0 0 0 0 0 0 0 0 28 
51 55 0 0 0 0 0 0 0 0 0 0 0 0 0 0 0 0 0 0 0 0 0 0 0 0 0 0 0 28 
51 55 0 0 0 0 0 0 0 0 0 0 0 0 0 0 0 0 0 0 0 0 0 0 0 0 0 0 0 28 
51 53 3 4 0 0 0 0 0 0 0 0 0 0 0 0 0 0 0 0 0 0 0 0 0 0 0 0 0 28 
51 53 53 55 0 0 0 0 0 0 0 0 0 0 0 0 0 0 0 0 0 0 0 0 0 0 0 0 0 28 
51 53 53 53 4 0 0 0 0 0 0 0 0 0 0 0 0 0 0 0 0 0 0 0 0 0 0 0 0 28 
51 103 103 103 80 0 0 2 3 4 0 0 0 0 2 3 4 0 0 0 0 2 3 4 0 0 0 0 0 28 
28 0 0 0 0 0 0 76 103 80 0 0 0 0 76 103 80 0 0 0 0 76 103 55 0 0 0 0 0 28 
28 0 0 0 0 0 0 0 0 0 0 0 0 0 0 0 0 0 0 0 0 0 211 28 0 0 0 0 0 28 
28 0 0 0 0 0 0 0 0 0 0 0 0 0 0 0 0 0 0 0 0 0 2 80 0 0 0 0 0 28 
28 0 0 0 0 0 0 0 0 0 0 0 0 0 0 0 0 0 0 0 0 0 0 0 0 0 0 0 0 28 
28 0 0 0 0 0 0 0 0 0 0 0 0 0 0 0 0 0 0 0 0 0 0 0 0 0 0 0 0 28 
28 0 0 0 0 0 0 0 0 0 0 0 0 0 0 0 0 0 0 0 0 0 0 0 0 0 0 0 0 28 
28 0 0 0 0 0 0 0 0 0 0 0 0 0 0 0 0 0 0 0 2 3 3 3 3 3 3 3 3 55 
28 0 0 0 0 0 0 0 0 0 0 0 0 0 0 0 0 0 0 0 211 76 53 53 53 53 53 53 53 55 
28 0 0 0 0 0 0 0 0 0 0 0 2 3 3 3 4 0 0 0 0 0 51 53 53 53 53 53 53 55 
28 0 0 0 0 0 0 0 0 0 0 0 76 53 53 53 55 0 0 0 0 0 51 53 53 53 53 53 53 55 
28 0 0 0 0 0 0 2 3 4 0 0 0 76 53 53 55 0 0 0 0 0 76 53 53 53 53 53 53 55 
28 0 0 0 0 0 0 51 53 55 0 0 0 211 51 53 55 0 0 0 0 0 0 51 53 53 53 53 53 55 
76 3 3 3 3 3 3 103 103 103 3 3 3 3 103 103 103 3 3 3 3 3 3 103 103 103 103 103 103 80 
